   5.0000000e-01   4.5520110e-03
   6.0000000e-01   4.8202336e-03
   7.0000000e-01   5.0942918e-03
   8.0000000e-01   5.3733393e-03
   9.0000000e-01   5.6564524e-03
   1.0000000e+00   5.9426355e-03
   1.1000000e+00   6.2308273e-03
   1.2000000e+00   6.5199080e-03
   1.3000000e+00   6.8087085e-03
   1.4000000e+00   7.0960194e-03
   1.5000000e+00   7.3806018e-03
   1.6000000e+00   7.6611985e-03
   1.7000000e+00   7.9365459e-03
   1.8000000e+00   8.2053867e-03
   1.9000000e+00   8.4664822e-03
   2.0000000e+00   8.7186256e-03
   2.1000000e+00   8.9606547e-03
   2.2000000e+00   9.1914646e-03
   2.3000000e+00   9.4100194e-03
   2.4000000e+00   9.6153644e-03
   2.5000000e+00   9.8066360e-03
   2.6000000e+00   9.9830721e-03
   2.7000000e+00   1.0144020e-02
   2.8000000e+00   1.0288943e-02
   2.9000000e+00   1.0417428e-02
   3.0000000e+00   1.0529188e-02
   3.1000000e+00   1.0624066e-02
   3.2000000e+00   1.0702033e-02
   3.3000000e+00   1.0763190e-02
   3.4000000e+00   1.0807767e-02
   3.5000000e+00   1.0836114e-02
   3.6000000e+00   1.0848701e-02
   3.7000000e+00   1.0846106e-02
   3.8000000e+00   1.0829009e-02
   3.9000000e+00   1.0798185e-02
   4.0000000e+00   1.0754488e-02
   4.1000000e+00   1.0698846e-02
   4.2000000e+00   1.0632242e-02
   4.3000000e+00   1.0555709e-02
   4.4000000e+00   1.0470311e-02
   4.5000000e+00   1.0377133e-02
   4.6000000e+00   1.0277271e-02
   4.7000000e+00   1.0171815e-02
   4.8000000e+00   1.0061839e-02
   4.9000000e+00   9.9483919e-03
   5.0000000e+00   9.8324846e-03
   5.1000000e+00   9.7150820e-03
   5.2000000e+00   9.5970942e-03
   5.3000000e+00   9.4793695e-03
   5.4000000e+00   9.3626879e-03
   5.5000000e+00   9.2477565e-03
   5.6000000e+00   9.1352059e-03
   5.7000000e+00   9.0255872e-03
   5.8000000e+00   8.9193711e-03
   5.9000000e+00   8.8169473e-03
   6.0000000e+00   8.7186256e-03
   6.1000000e+00   8.6246373e-03
   6.2000000e+00   8.5351383e-03
   6.3000000e+00   8.4502119e-03
   6.4000000e+00   8.3698735e-03
   6.5000000e+00   8.2940752e-03
   6.6000000e+00   8.2227105e-03
   6.7000000e+00   8.1556204e-03
   6.8000000e+00   8.0925986e-03
   6.9000000e+00   8.0333980e-03
   7.0000000e+00   7.9777363e-03
   7.1000000e+00   7.9253018e-03
   7.2000000e+00   7.8757596e-03
   7.3000000e+00   7.8287571e-03
   7.4000000e+00   7.7839290e-03
   7.5000000e+00   7.7409031e-03
   7.6000000e+00   7.6993043e-03
   7.7000000e+00   7.6587596e-03
   7.8000000e+00   7.6189015e-03
   7.9000000e+00   7.5793719e-03
   8.0000000e+00   7.5398252e-03
   8.1000000e+00   7.4999310e-03
   8.2000000e+00   7.4593761e-03
   8.3000000e+00   7.4178668e-03
   8.4000000e+00   7.3751304e-03
   8.5000000e+00   7.3309160e-03
   8.6000000e+00   7.2849955e-03
   8.7000000e+00   7.2371644e-03
   8.8000000e+00   7.1872414e-03
   8.9000000e+00   7.1350691e-03
   9.0000000e+00   7.0805130e-03
   9.1000000e+00   7.0234618e-03
   9.2000000e+00   6.9638261e-03
   9.3000000e+00   6.9015382e-03
   9.4000000e+00   6.8365507e-03
   9.5000000e+00   6.7688360e-03
   9.6000000e+00   6.6983852e-03
   9.7000000e+00   6.6252064e-03
   9.8000000e+00   6.5493245e-03
   9.9000000e+00   6.4707795e-03
   1.0000000e+01   6.3896252e-03
   1.0100000e+01   6.3059284e-03
   1.0200000e+01   6.2197679e-03
   1.0300000e+01   6.1312328e-03
   1.0400000e+01   6.0404219e-03
   1.0500000e+01   5.9474426e-03
   1.0600000e+01   5.8524095e-03
   1.0700000e+01   5.7554440e-03
   1.0800000e+01   5.6566730e-03
   1.0900000e+01   5.5562283e-03
   1.1000000e+01   5.4542452e-03
   1.1100000e+01   5.3508624e-03
   1.1200000e+01   5.2462210e-03
   1.1300000e+01   5.1404634e-03
   1.1400000e+01   5.0337334e-03
   1.1500000e+01   4.9261749e-03
   1.1600000e+01   4.8179317e-03
   1.1700000e+01   4.7091469e-03
   1.1800000e+01   4.5999622e-03
   1.1900000e+01   4.4905178e-03
   1.2000000e+01   4.3809517e-03
   1.2100000e+01   4.2713992e-03
   1.2200000e+01   4.1619929e-03
   1.2300000e+01   4.0528623e-03
   1.2400000e+01   3.9441330e-03
   1.2500000e+01   3.8359271e-03
   1.2600000e+01   3.7283626e-03
   1.2700000e+01   3.6215531e-03
   1.2800000e+01   3.5156080e-03
   1.2900000e+01   3.4106318e-03
   1.3000000e+01   3.3067243e-03
   1.3100000e+01   3.2039805e-03
   1.3200000e+01   3.1024904e-03
   1.3300000e+01   3.0023389e-03
   1.3400000e+01   2.9036056e-03
   1.3500000e+01   2.8063651e-03
   1.3600000e+01   2.7106868e-03
   1.3700000e+01   2.6166349e-03
   1.3800000e+01   2.5242683e-03
   1.3900000e+01   2.4336410e-03
   1.4000000e+01   2.3448015e-03
   1.4100000e+01   2.2577937e-03
   1.4200000e+01   2.1726561e-03
   1.4300000e+01   2.0894227e-03
   1.4400000e+01   2.0081226e-03
   1.4500000e+01   1.9287800e-03
   1.4600000e+01   1.8514148e-03
   1.4700000e+01   1.7760425e-03
   1.4800000e+01   1.7026741e-03
   1.4900000e+01   1.6313168e-03
   1.5000000e+01   1.5619734e-03
